
strategic_region={
	id=196
	name="STRATEGICREGION_196"
	provinces={
		5024 5093 7995 8004 8060 12727 12813 12870 1550 4476  7451 7546 7590 7622 10374 10498 12347 7632 7660 10484 58 61 101 148 151 190 201 3054 3095  3179 6055 6074 6125 6155 6165 6168 6170 6206 6208 9083 9108 9147 9178 9186 9226 11060 11073 11102 11155 11208 13119 11 109 118 145 182 184 3003 3044 3062 3100 3113 3138 3173 6024  6132 6152 6161 6200 9093 9095 9134 9143 9175 9211 9220 11026 11058 11067 11069 11112 11152 11190 11201 35 161 3106 3182  6084 6127 6164 6188 6209 9109 9149 9185 9209 11044 11082 11163 11188 11278 13097 13098  6397 9308 9393 11289 11311 11380 11390 13095 13264 13265 295 383  3286 3375 3386 6331 6406 11070 13096 3307 6120 6345 6412  9300 9362 11160 11215 11327 11376 69 147  3141 6028 6195 9054 9138 9218 11114 3128 6083 6050 211 242 299 329 363 3229 6148 9251 9329 9406 9410 11231 11280 171 6310 6311 3063 5058 10892 10923 12749 4968 1955 10791 10850 12702 9869 3104 9279 747 809 832 844 875 879 924 931 950 970 980 985 1048 1090 1093 1176 1178 1192 3790 3810 3835 3846 3866 3871 3886 3926 3930 3940 3953 4065 4080 4095 4135 4182 4195 6744 6800 6832 6866 6880 6884 6896 6902 6933 6948 6954 6986 7068 7098 7111 7153 7183 7196 7198 9765 9778 9815 9819 9828 9839 9877 9881 9891 9903 9917 9925 9979 10009 10024 10063 10094 10109 10111 11749 11756 11768 11780 11798 11807 11812 11851 11863 11884 11956 12038 12070 12081 12083 13228 13229 13230 13231 4641 1594 1635 6258 1043 1057 1060 1095 1115 1140 1143 1897 1901 1956 1958 1962 1994 2049 2064 2068 4191 4902 4903 4913 4962 5004 5035 5095 5136 7041 7216 7939 7943 7985 7987 8028 8035 8061 8077 8088 8103 8128 10104 10127 10725 10731 10749 10754 10758 10771 10779 10780 10785 10805 10838 10868 10869 10884 10893 10900 10907 10917 11951 12022 12082 12099 12711 12733 12764 12816 12842 12849 12866 1552 2126 4735 5158 7548 8054 8138 8202 8219 8248 10966 12391 12958 12981 12985 13371 13372 13373 46 49 77 113 114 125 130 156 168 202 205 3005 3039 3045 3070 3108 3111 3148 3162 3191 6010 6023 6063 6067 6093 6123 6126 6129 6147 6185 6207 9035 9051 9066 9068 9088 9117 9141 9148 9151 9154 9171 9173 9182 9193 9229 11040 11049 11052 11053 11091 11116 11120 11123 11129 11147 11148 11185 11187 11197 11209 13099 13117 9600 3641 663 9620 11590 11604 11623 6666 6683 9622 9638 13124 636 9587 3612 9618 2120 2123 2159 2180 2193 2202 2217 5155 5164 5177 5212 8245 10972 12935 12950 12971 658 661 3660  11601 11293 337 3396 9255 9303 9321 9369 11238 11287 11371  5082 7448 7519 7584 7916 7984 10737 10781 10826 10852 10896 12248 12314 12653 12769 12831 12877 1948 1995 2017 2062 2078 2101 4893 4949 5020 5064 8053 8090 10476 10789 12788 12871 3359 369 11303 303 3342 285 7377 11334 6313 7394 9310 11237 11267 9284 6289 9405 6405 4199 7215  10113 12087 12100 724 726 729 738 758 794 799 845 858 874 877 889 896 903 918 920 938 939 977 3725 3727 3729 3744 3761 3794 3798 3820 3845 3861 3874 3892 3918 3920 3938 3969 3986 4024 6734 6746 6749 6764 6818 6867 6907 6914 6921 6924 6936 6941 6955 6996 9686 9689 9699 9700 9703 9719 9767 9770 9787 9800 9817 9827 9846 9872 11673 11675 11677 11684 11688 11692 11707 11710 11805 11806 11809 11820 11825 11840 11843 11885 13218 13219 13221 13224 13227 13232 12891 7959 8006 12747 10875 4920 8111 7979 8038 5012 1033 2027 2033 2057 2095 4974 4981 5027 5099 7934 7970 8092 8101 10748 10815 10835 10901 12101 12455 12758 5081 8118 12740 1923 2090 5037 8073 10786 12883 5006 8030 10870 12768 652 784 785 789 804 806 856 864 869 876 886 890 904 909 919 921 928 933 940 947 960 961 975 979 981 1005 1119 1122 1463 3714 3786 3788 3807 3851 3856 3862 3870 3876 3889 3890 3903 3905 3907 3919 3921 3927 3935 3950 3951 3964 3965 3967 3979 3982 3983 4008 4112 4124 4127 4512 4583 6807 6808 6813 6864 6871 6877 6888 6894 6908 6912 6919 6920 6925 6935 6938 6945 6950 6956 6965 6976 6977 6978 6991 6992 6995 7026 7130 7143 7454 7470 7530 7620 9755 9761 9763 9777 9799 9806 9811 9823 9830 9844 9858 9860 9861 9868 9871 9878 9886 9887 9893 9900 9901 9912 9915 9921 9929 9932 9941 9954 10038 10041 10056 10122 10399 10403 10472 10497 11739 11746 11747 11753 11759 11778 11784 11792 11796 11797 9833 11829 849 922 3879 3893 6895 11842 11810 11811 11826 11831 11839 11844 11848 11853 11860 11866 11867 11871 11880 11881 11883 11894 11897 11898 11907 11917 12013 12016 12096 12318 12376 12387 12416 12476 13121 13122
	}
	weather={
		
	}
}
