state={
	id=292
	name="STATE_292"
	

	history={
	}

	provinces={
		5024 5093 7995 11829 849 922 3879 3893 11842 789 3714 3979 6976 6991 7454 9886 9932 10403 11753 11853 652  6935 7470 11880 12376 13121 876 864 7530 10497 11739 12318 12476 4512 9823 11759 11871 12416 806 3889 6813 9893 9912 11746 3890 3903 3950 6950 6965 9761 9777 785 947 3786 3851 6864 9799 9887 11778 11867 890 904 3905 3919 6871  11866 11883 1122 4008 4124 4127 7026 7143 10056 1005 1119 9941 11917 12013 12016 12096 856 981 3856 3983 6877 6945 9878 10041 11796 11907 928 3927 6992 7130 9921 9929 10038 11848 11898 960 975 3935 3965 9900 9915 11881 11894 979 3967 3982 6920 6938 6978 6995 9844 9871 11839 3807 3862 3964 11826 11844 921 961 3870 3921 6888 6956 6977 9830 784 869 940 3788 3876 6807 6894 9763 9811 9861 11792 11860 13122 804 909 3907 6808 6908 6925 9806 9901 11747 11784  9860 9868 9954 10399 11797   8004 8060 1923 2090 5037 10786 12883 5006 8030 12768 1897 1962 7943 8035 10771 10779  8103 10900  5136 10893  4974 8101 10815 10901 1033 2027 2095 5027 7970 12101 12455 5081 8118  4981 5099 7934 10748 10835 12758 12727 12813 12870 1550 4476  7451 7546 7590 7622 10374 10498 12347 7632 7660 10484 58 61 101 148 151 190 201 3054 3095  3179 6055 6074 6125 6155 6165 6168 6170 6206 6208 9083 9108 9147 9178 9186 9226 11060 11073 11102 11155 11208 13119 11 109 118 145 182 184 3003 3044 3062 3100 3113 3138 3173 6024  6132 6152 6161 6200 9093 9095 9134 9143 9175 9211 9220 11026 11058 11067 11069 11112 11152 11190 11201 35 161 3106 3182  6084 6127 6164 6188 6209 9109 9149 9185 9209 11044 11082 11163 11188 11278 13097 13098  6397 9308 9393 11289 11311 11380 11390 13095 13264 13265 295 383  3286 3375 3386 6331 6406 11070 13096 3307 6120 6345 6412  9300 9362 11160 11215 11327 11376 69 147  3141 6028 6195 9054 9138 9218 11114 242 299 329 363 3229 6148 9251 9329 9406 9410 11231 11280 171  5058 10892 10923 12749 1955 10791 10850 844 924 3846 3886 3926 6986  11768 6258 49 125 130 205 3045 3108 3148 6023 6063 6067 6126 9035 9051 9088  9141 9151 9193 11040 11091 11120 11123 11129 11147 11185 11209 46 113 168 3039 3111 3162 6010 6129 6185 9066 9154  9229 11049 11052 11116 11148 11187 13117  114 156 202 3005 3070 3191 6093 6123 6147 6207 9068 9148 9173 9182 11053 11197 13099  3641 663 9620 11590 11604 6666 6683 9622  13124  9587 3612 9618 8138 8202 10966  12958 12985 658 661 3660 337 9255 9303 9321 9369 11238 11287 11371 4199 7215  10113 12087 12100 1043 1095 1901 1958 2049 4903 5035 7041 8061 8077 8088 10731 10749 12711 12842 12849 1057  1140 1994 4191 4962 5004 7985 10104 10754 10785 10884 11951 12022 12082 12866   11601  2123 2159 2180 2202 2217 5164 10972 2120 5155  12950 2193 5177 5212 5158 7548 8219 8248 12981  13373 1552 2126 4735  13372 6289 6313 6405 9284 9310 9405 11237 11267 11334 285 303 369 3342 3359 7377 11303 2062 2078 1948 2101 4949 5064 8090 10789  4893 8053 12788 12871 10476 5082 7916 10737 10852 12769 7448 7584 10896 12877  10781 10826 12314 12653  4913 7939 8028 8128 10758 10780 10805 10917 970 980 3790 3866 6880 6884 6933  9819 1594 1635 1143 2064 7216 10127 10869  12099 12733 12764 12816 1115  10725 10868 799 3798 3861 6924 845 889 938 3969 6818 6996 9787 724 877 3892 6921 6941 11673 8006 12747 4920 5012 7979 8038 8111 
	}
	manpower=1000000
	buildings_max_level_factor=1.000
	state_category=rural
	local_supplies=0.000
}
